{'defensa': [(0, 1.584962500721156)],
 'el': [(0, 0.0), (1, 0.0), (2, 0.0)],
 'en': [(1, 1.584962500721156)],
 'espero': [(1, 1.584962500721156)],
 'estaciones': [(1, 1.584962500721156)],
 'la': [(1, 3.169925001442312)],
 'lleg칩': [(0, 0.0), (1, 0.0), (2, 0.0)],
 'muy': [(0, 1.584962500721156)],
 'oto침o': [(1, 0.5849625007211562), (2, 1.512106128692261)],
 'parada': [(1, 1.584962500721156)],
 'penal': [(0, 1.584962500721156)],
 'pero': [(0, 0.5849625007211562), (2, 0.5849625007211562)],
 'pit칩': [(0, 1.584962500721156)],
 'porque': [(0, 1.584962500721156)],
 'primavera': [(1, 1.584962500721156)],
 'son': [(1, 1.584962500721156)],
 'tarde': [(0, 1.9432033656011776), (2, 0.5849625007211562)],
 'tren': [(1, 1.584962500721156)],
 'y': [(1, 1.584962500721156)],
 '치rbitro': [(0, 1.584962500721156)]}
